0	0	0	0	10	30	40	45	49	45	40	30	10	0	0	0	0
0	0	0	0	-6	-10	-20	-25	-26	-26	-20	-16	-10	6	0	0	0
0	0	0	0	-10	-20	-26	-30	-36	-30	-26	-20	-10	0	0	0	0
0	0	0	-10	-20	-30	-40	-30	-20	-20	-10	0	0	0	0	0	0
0	0	0	0	0	-10	-20	-30	-33	-30	-10	0	10	20	30	20	0
0	-10	-20	-20	10	15	20	25	50	25	20	15	10	0	0	0	0
0	10	20	30	20	115	10	16	17	15	10	16	20	30	20	10	0
0	0	0	0	0	0	0	0	0	0	0	0	0	0	0	0	0
0	0	10	20	40	20	0	-10	-44	-40	-20	-10	0	0	0	0	0
0	0	0	10	20	30	35	40	46	40	35	30	20	10	0	0	0
10	20	30	26	20	16	10	0	-5	20	30	40	50	60	50	40	20
-10	-20	-30	-40	-25	-20	-10	-8	-8	-8	0	-20	-30	20	-10	-5	0
0	0	0	0	0	0	0	10	16	16	10	10	10	10	5	0	0
0	0	0	0	0	0	0	0	-12	0	20	30	20	10	0	0	0
0	0	0	0	0	-5	-10	-20	-41	-20	0	16	30	25	20	10	0
0	0	0	0	0	0	0	0	-6	0	0	0	0	0	0	0	0
0	0	0	10	20	30	40	20	12	20	30	40	50	60	70	40	20
0	0	0	0	0	0	-10	-30	-47	-30	-10	0	0	0	0	0	0
0	-5	-10	-16	-20	-25	-30	-40	-41	-40	-30	25	-20	16	-10	6	0
0	0	10	20	30	40	50	55	58	50	10	0	0	0	0	0	0